{
 "cells": [
  {
   "cell_type": "code",
   "execution_count": 1,
   "metadata": {},
   "outputs": [
    {
     "name": "stderr",
     "output_type": "stream",
     "text": [
      "/Users/jake/Python/causal_prospective_merge/.conda/lib/python3.11/site-packages/torch/__init__.py:696: UserWarning: torch.set_default_tensor_type() is deprecated as of PyTorch 2.1, please use torch.set_default_dtype() and torch.set_default_device() as alternatives. (Triggered internally at /Users/runner/work/_temp/anaconda/conda-bld/pytorch_1708025536958/work/torch/csrc/tensor/python_tensor.cpp:453.)\n",
      "  _C._set_default_tensor_type(t)\n",
      "/Users/jake/Python/causal_prospective_merge/.conda/lib/python3.11/site-packages/tqdm/auto.py:21: TqdmWarning: IProgress not found. Please update jupyter and ipywidgets. See https://ipywidgets.readthedocs.io/en/stable/user_install.html\n",
      "  from .autonotebook import tqdm as notebook_tqdm\n"
     ]
    }
   ],
   "source": [
    "import torch\n",
    "torch.set_default_tensor_type(torch.FloatTensor) \n",
    "import copy\n",
    "\n",
    "from rct_data_generator import *\n",
    "from outcome_models import *\n",
    "from plotting_functions import *\n",
    "from mcmc_bayes_update import *\n",
    "from eig_comp_utils import *\n",
    "from research_exp_utils import *\n",
    "from rct_data_generator import generate_host_and_mirror\n"
   ]
  },
  {
   "cell_type": "markdown",
   "metadata": {},
   "source": [
    "## Set-up"
   ]
  },
  {
   "cell_type": "code",
   "execution_count": 2,
   "metadata": {},
   "outputs": [],
   "source": [
    "n_host_sample = 100 \n",
    "sigma_error = 1 \n",
    "d = 10 \n",
    "A = torch.randn((d,d))\n",
    "A = 1/(torch.det(A)) * A\n",
    "\n",
    "T_allocation_host = torch.randn(d)\n",
    "T_allocation_host = 100/torch.norm(T_allocation_host)*T_allocation_host\n",
    "\n",
    "mu_nc = torch.randn(d)\n",
    "mu_nc = 1/torch.norm(mu_nc)*mu_nc\n",
    "\n",
    "mu_c = torch.randn(d)\n",
    "mu_c = 1/torch.norm(mu_c)*mu_c\n",
    "\n",
    "mu = torch.concat([mu_nc,mu_c])"
   ]
  },
  {
   "cell_type": "code",
   "execution_count": 3,
   "metadata": {},
   "outputs": [],
   "source": [
    "\n",
    "X_host_no_T = (torch.randn((n_host_sample,d)) @ A ) \n",
    "T_host = torch.bernoulli(torch.sigmoid(X_host_no_T@ T_allocation_host))\n",
    "X_host_times_T = (T_host.unsqueeze(dim=0).T * X_host_no_T)\n",
    "X_host = torch.concat([X_host_no_T,X_host_times_T],dim=1)\n",
    "\n",
    "Y_host = X_host @ mu\n",
    "Y_host = (1/Y_host.norm()) * Y_host + sigma_error * torch.randn_like(Y_host)\n"
   ]
  },
  {
   "cell_type": "code",
   "execution_count": 4,
   "metadata": {},
   "outputs": [],
   "source": [
    "prior_mean = torch.zeros(2 * d)\n",
    "beta_0, sigma_0_sq,inv_cov_0 = prior_mean, sigma_error,torch.eye(2*d)\n",
    "prior_hyperparameters = {'beta_0': beta_0, 'sigma_0_sq': sigma_0_sq,\"inv_cov_0\":inv_cov_0}\n",
    "bayesian_regression = BayesianLinearRegression(prior_hyperparameters)\n",
    "bayesian_regression.set_causal_index(10)"
   ]
  },
  {
   "cell_type": "code",
   "execution_count": 5,
   "metadata": {},
   "outputs": [
    {
     "data": {
      "text/plain": [
       "{'posterior_mean': tensor([-0.0435,  0.3487,  0.2949,  0.1082, -0.2580, -0.0619, -0.5854,  0.5546,\n",
       "          0.1524,  1.0160, -0.1366, -0.0477, -0.1461, -0.0547, -0.0369, -0.0287,\n",
       "         -0.3866,  0.3770,  0.0457,  0.4634]),\n",
       " 'posterior_cov_matrix': tensor([[ 8.5015e-01,  6.7748e-03, -1.3977e-02, -6.3023e-02, -4.4866e-02,\n",
       "           9.6525e-02, -3.1807e-02,  8.7241e-02, -1.1799e-02,  1.5242e-02,\n",
       "          -9.0625e-02,  4.2582e-03, -1.1958e-02, -3.5408e-02, -2.3658e-02,\n",
       "           6.7249e-02, -1.9518e-02,  4.2878e-02,  5.9992e-03,  1.5459e-02],\n",
       "         [ 6.7748e-03,  7.9822e-01, -5.5964e-02, -6.0579e-02,  6.6949e-02,\n",
       "          -7.4243e-02,  2.7848e-02, -7.3350e-02,  4.6776e-02,  6.4279e-03,\n",
       "           1.6229e-03, -8.5571e-02, -3.1540e-02, -3.3691e-02,  2.6711e-02,\n",
       "          -2.6120e-02,  2.1856e-02, -3.4932e-02,  2.1680e-02,  4.4602e-03],\n",
       "         [-1.3977e-02, -5.5964e-02,  8.1749e-01,  3.7492e-02,  4.8204e-02,\n",
       "           9.1372e-03, -3.8328e-02,  1.8379e-02,  3.8212e-02, -2.4670e-02,\n",
       "          -1.2588e-02, -3.3704e-02, -8.3662e-02, -3.2050e-03,  2.2628e-02,\n",
       "           3.2873e-03, -2.0109e-02,  4.3811e-03, -5.3748e-03, -2.9612e-03],\n",
       "         [-6.3023e-02, -6.0579e-02,  3.7492e-02,  7.5354e-01, -2.7838e-03,\n",
       "          -1.4780e-02,  4.5752e-02, -3.5756e-02, -1.2492e-01, -5.5230e-03,\n",
       "          -3.6908e-02, -3.8804e-02,  2.9549e-03, -1.4027e-01,  5.8426e-04,\n",
       "          -1.0941e-02,  2.7157e-02, -1.8586e-02, -3.8048e-02,  6.2064e-03],\n",
       "         [-4.4866e-02,  6.6949e-02,  4.8204e-02, -2.7838e-03,  9.0561e-01,\n",
       "           1.5678e-02,  4.1279e-02,  1.2880e-01, -2.8857e-02,  1.9476e-02,\n",
       "          -2.0960e-02,  2.5129e-02,  2.1664e-02, -8.1436e-04, -3.6396e-02,\n",
       "           1.0449e-02,  1.7119e-02,  4.5470e-02, -6.6558e-03,  6.9893e-03],\n",
       "         [ 9.6525e-02, -7.4243e-02,  9.1372e-03, -1.4780e-02,  1.5678e-02,\n",
       "           8.0593e-01,  2.0437e-02,  9.7566e-03,  7.7441e-03,  3.1015e-03,\n",
       "           6.8067e-02, -3.0743e-02,  5.1723e-03, -1.2084e-02,  1.3051e-02,\n",
       "          -1.2040e-01,  1.0581e-02, -6.9261e-03, -1.2429e-02, -3.6337e-03],\n",
       "         [-3.1807e-02,  2.7848e-02, -3.8328e-02,  4.5752e-02,  4.1279e-02,\n",
       "           2.0437e-02,  8.5110e-01, -3.8035e-03,  5.0614e-03,  3.9015e-02,\n",
       "          -2.0426e-02,  2.5903e-02, -2.1283e-02,  2.9964e-02,  1.4805e-02,\n",
       "           1.1172e-02, -8.8084e-02,  1.3676e-02,  6.1051e-05,  3.0718e-02],\n",
       "         [ 8.7241e-02, -7.3350e-02,  1.8379e-02, -3.5756e-02,  1.2880e-01,\n",
       "           9.7566e-03, -3.8035e-03,  7.1778e-01,  3.0436e-02,  1.2862e-03,\n",
       "           3.8045e-02, -3.3346e-02,  5.9487e-03, -1.6458e-02,  4.5416e-02,\n",
       "          -3.2428e-03,  9.3564e-03, -1.0084e-01,  1.0663e-02, -6.4672e-04],\n",
       "         [-1.1799e-02,  4.6776e-02,  3.8212e-02, -1.2492e-01, -2.8857e-02,\n",
       "           7.7441e-03,  5.0614e-03,  3.0436e-02,  5.9875e-01, -8.3874e-02,\n",
       "           8.0560e-03,  1.7542e-02, -1.9930e-03, -2.7779e-02, -4.7102e-03,\n",
       "          -9.8334e-03, -3.5259e-03,  8.9217e-03, -1.2152e-01, -2.5790e-02],\n",
       "         [ 1.5242e-02,  6.4279e-03, -2.4670e-02, -5.5230e-03,  1.9476e-02,\n",
       "           3.1015e-03,  3.9015e-02,  1.2862e-03, -8.3874e-02,  8.4576e-01,\n",
       "           1.6035e-02,  5.3214e-03, -5.2825e-04,  6.8624e-03,  6.4508e-03,\n",
       "          -2.8065e-03,  3.0812e-02, -6.6220e-04, -2.8976e-02, -8.1192e-02],\n",
       "         [-9.0625e-02,  1.6229e-03, -1.2588e-02, -3.6908e-02, -2.0960e-02,\n",
       "           6.8067e-02, -2.0426e-02,  3.8045e-02,  8.0560e-03,  1.6035e-02,\n",
       "           8.9197e-01,  1.2134e-02, -1.2085e-02, -4.2984e-02, -3.3002e-02,\n",
       "           7.9779e-02, -2.2376e-02,  5.9082e-02, -2.9780e-03,  1.6321e-02],\n",
       "         [ 4.2582e-03, -8.5571e-02, -3.3704e-02, -3.8804e-02,  2.5129e-02,\n",
       "          -3.0743e-02,  2.5903e-02, -3.3346e-02,  1.7542e-02,  5.3214e-03,\n",
       "           1.2134e-02,  8.8760e-01, -4.0770e-02, -4.4314e-02,  4.1312e-02,\n",
       "          -4.2128e-02,  2.7167e-02, -5.6873e-02,  3.3066e-02,  6.1645e-03],\n",
       "         [-1.1958e-02, -3.1540e-02, -8.3662e-02,  2.9549e-03,  2.1664e-02,\n",
       "           5.1723e-03, -2.1283e-02,  5.9487e-03, -1.9930e-03, -5.2825e-04,\n",
       "          -1.2085e-02, -4.0770e-02,  9.0200e-01,  8.2129e-03,  2.9071e-02,\n",
       "           4.2565e-03, -2.6166e-02,  3.0316e-03,  8.0992e-03, -2.4432e-03],\n",
       "         [-3.5408e-02, -3.3691e-02, -3.2050e-03, -1.4027e-01, -8.1436e-04,\n",
       "          -1.2084e-02,  2.9964e-02, -1.6458e-02, -2.7779e-02,  6.8624e-03,\n",
       "          -4.2984e-02, -4.4314e-02,  8.2129e-03,  8.2374e-01, -1.3865e-03,\n",
       "          -1.4123e-02,  3.7329e-02, -2.2447e-02, -7.0071e-02, -8.2734e-04],\n",
       "         [-2.3658e-02,  2.6711e-02,  2.2628e-02,  5.8426e-04, -3.6396e-02,\n",
       "           1.3051e-02,  1.4805e-02,  4.5416e-02, -4.7102e-03,  6.4508e-03,\n",
       "          -3.3002e-02,  4.1312e-02,  2.9071e-02, -1.3865e-03,  9.4790e-01,\n",
       "           1.7878e-02,  1.8208e-02,  6.9688e-02, -1.7699e-02,  6.6151e-03],\n",
       "         [ 6.7249e-02, -2.6120e-02,  3.2873e-03, -1.0941e-02,  1.0449e-02,\n",
       "          -1.2040e-01,  1.1172e-02, -3.2428e-03, -9.8334e-03, -2.8065e-03,\n",
       "           7.9779e-02, -4.2128e-02,  4.2565e-03, -1.4123e-02,  1.7878e-02,\n",
       "           8.6173e-01,  1.5437e-02, -1.3537e-02, -7.4885e-03, -3.2278e-03],\n",
       "         [-1.9518e-02,  2.1856e-02, -2.0109e-02,  2.7157e-02,  1.7119e-02,\n",
       "           1.0581e-02, -8.8084e-02,  9.3564e-03, -3.5259e-03,  3.0812e-02,\n",
       "          -2.2376e-02,  2.7167e-02, -2.6166e-02,  3.7329e-02,  1.8208e-02,\n",
       "           1.5437e-02,  9.0218e-01,  1.2416e-02,  5.6675e-03,  3.4730e-02],\n",
       "         [ 4.2878e-02, -3.4932e-02,  4.3811e-03, -1.8586e-02,  4.5470e-02,\n",
       "          -6.9261e-03,  1.3676e-02, -1.0084e-01,  8.9217e-03, -6.6220e-04,\n",
       "           5.9082e-02, -5.6873e-02,  3.0316e-03, -2.2447e-02,  6.9688e-02,\n",
       "          -1.3537e-02,  1.2416e-02,  8.5382e-01,  2.3293e-02,  7.5280e-05],\n",
       "         [ 5.9992e-03,  2.1680e-02, -5.3748e-03, -3.8048e-02, -6.6558e-03,\n",
       "          -1.2429e-02,  6.1051e-05,  1.0663e-02, -1.2152e-01, -2.8976e-02,\n",
       "          -2.9780e-03,  3.3066e-02,  8.0992e-03, -7.0071e-02, -1.7699e-02,\n",
       "          -7.4885e-03,  5.6675e-03,  2.3293e-02,  7.9944e-01, -4.7557e-02],\n",
       "         [ 1.5459e-02,  4.4602e-03, -2.9612e-03,  6.2064e-03,  6.9893e-03,\n",
       "          -3.6337e-03,  3.0718e-02, -6.4671e-04, -2.5790e-02, -8.1192e-02,\n",
       "           1.6321e-02,  6.1645e-03, -2.4432e-03, -8.2734e-04,  6.6151e-03,\n",
       "          -3.2278e-03,  3.4730e-02,  7.5280e-05, -4.7557e-02,  9.0736e-01]])}"
      ]
     },
     "execution_count": 5,
     "metadata": {},
     "output_type": "execute_result"
    }
   ],
   "source": [
    "bayesian_regression.fit(X_host,Y_host)"
   ]
  },
  {
   "cell_type": "code",
   "execution_count": 6,
   "metadata": {},
   "outputs": [
    {
     "data": {
      "text/plain": [
       "(1.398887140503594, 0.26550232519802486)"
      ]
     },
     "execution_count": 6,
     "metadata": {},
     "output_type": "execute_result"
    }
   ],
   "source": [
    "bayesian_regression.closed_form_obs_EIG(X_host),bayesian_regression.closed_form_causal_EIG(X_host)"
   ]
  },
  {
   "cell_type": "code",
   "execution_count": 7,
   "metadata": {},
   "outputs": [
    {
     "name": "stderr",
     "output_type": "stream",
     "text": [
      "/Users/jake/Python/causal_prospective_merge/.conda/lib/python3.11/site-packages/scipy/stats/_multivariate.py:758: RuntimeWarning: covariance is not symmetric positive-semidefinite.\n",
      "  out = random_state.multivariate_normal(mean, cov, size)\n"
     ]
    },
    {
     "data": {
      "text/plain": [
       "(1.9411918090116842, -0.8106184504626412)"
      ]
     },
     "execution_count": 7,
     "metadata": {},
     "output_type": "execute_result"
    }
   ],
   "source": [
    "bayesian_regression.samples_obs_EIG(X_host,100,10),bayesian_regression.samples_causal_EIG(X_host,100,10)"
   ]
  },
  {
   "cell_type": "code",
   "execution_count": 8,
   "metadata": {},
   "outputs": [],
   "source": [
    "T_zero = torch.zeros_like(T_host)\n",
    "T_one = 1 - T_zero\n",
    "\n",
    "X_host_times_T_zero = (T_zero.unsqueeze(dim=0).T * X_host_no_T)\n",
    "X_host_times_T_one = (T_one.unsqueeze(dim=0).T * X_host_no_T)\n",
    "\n",
    "X_host_T_zero = torch.concat([X_host_no_T,X_host_times_T_zero],dim=1)\n",
    "X_host_T_one = torch.concat([X_host_no_T,X_host_times_T_one],dim=1)\n",
    "\n",
    "Y_host = X_host @ mu\n",
    "Y_host = (1/Y_host.norm()) * Y_host + sigma_error * torch.randn_like(Y_host)"
   ]
  },
  {
   "cell_type": "code",
   "execution_count": 9,
   "metadata": {},
   "outputs": [
    {
     "data": {
      "text/plain": [
       "(1.004540117003199, -0.12884469830237033)"
      ]
     },
     "execution_count": 9,
     "metadata": {},
     "output_type": "execute_result"
    }
   ],
   "source": [
    "bayesian_regression.closed_form_obs_EIG(X_host_T_zero),bayesian_regression.closed_form_causal_EIG(X_host_T_zero)"
   ]
  },
  {
   "cell_type": "code",
   "execution_count": 10,
   "metadata": {},
   "outputs": [
    {
     "data": {
      "text/plain": [
       "(-0.04841631341710695, 0.06427715460080208)"
      ]
     },
     "execution_count": 10,
     "metadata": {},
     "output_type": "execute_result"
    }
   ],
   "source": [
    "bayesian_regression.samples_obs_EIG(X_host_T_zero,100,500),bayesian_regression.samples_causal_EIG(X_host_T_zero,100,500)"
   ]
  },
  {
   "cell_type": "code",
   "execution_count": 11,
   "metadata": {},
   "outputs": [
    {
     "data": {
      "text/plain": [
       "(1.593697584366769, 0.46031276906119967)"
      ]
     },
     "execution_count": 11,
     "metadata": {},
     "output_type": "execute_result"
    }
   ],
   "source": [
    "bayesian_regression.closed_form_obs_EIG(X_host_T_one),bayesian_regression.closed_form_causal_EIG(X_host_T_one)"
   ]
  },
  {
   "cell_type": "code",
   "execution_count": 12,
   "metadata": {},
   "outputs": [
    {
     "data": {
      "text/plain": [
       "(2.6058444168770336, 0.19467560287881724)"
      ]
     },
     "execution_count": 12,
     "metadata": {},
     "output_type": "execute_result"
    }
   ],
   "source": [
    "bayesian_regression.samples_obs_EIG(X_host_T_one,200,750),bayesian_regression.samples_causal_EIG(X_host_T_one,200,750)"
   ]
  },
  {
   "cell_type": "markdown",
   "metadata": {},
   "source": [
    "## Experiment"
   ]
  },
  {
   "cell_type": "code",
   "execution_count": 13,
   "metadata": {},
   "outputs": [],
   "source": [
    "n_host_sample = 200 \n",
    "sigma_error = 1 \n",
    "d = 10 \n",
    "n_repeats = 40\n",
    "\n",
    "results_dict = {\"E\"}"
   ]
  },
  {
   "cell_type": "markdown",
   "metadata": {},
   "source": [
    "## BART"
   ]
  },
  {
   "cell_type": "code",
   "execution_count": 14,
   "metadata": {},
   "outputs": [],
   "source": [
    "import pymc as pm\n",
    "import pymc_bart as pmb"
   ]
  },
  {
   "cell_type": "code",
   "execution_count": 15,
   "metadata": {},
   "outputs": [
    {
     "ename": "DisconnectedInputError",
     "evalue": " \nBacktrace when that variable is created:\n\n  File \"/Users/jake/Python/causal_prospective_merge/.conda/lib/python3.11/site-packages/IPython/core/interactiveshell.py\", line 3334, in run_cell_async\n    has_raised = await self.run_ast_nodes(code_ast.body, cell_name,\n  File \"/Users/jake/Python/causal_prospective_merge/.conda/lib/python3.11/site-packages/IPython/core/interactiveshell.py\", line 3517, in run_ast_nodes\n    if await self.run_code(code, result, async_=asy):\n  File \"/Users/jake/Python/causal_prospective_merge/.conda/lib/python3.11/site-packages/IPython/core/interactiveshell.py\", line 3577, in run_code\n    exec(code_obj, self.user_global_ns, self.user_ns)\n  File \"/var/folders/v1/x4lr48v53397r9xsq4q70mvw0000gn/T/ipykernel_14989/2101801662.py\", line 3, in <module>\n    bart = pmb.BART('sample', X=X, Y=y)\n  File \"/Users/jake/Python/causal_prospective_merge/.conda/lib/python3.11/site-packages/pymc_bart/bart.py\", line 173, in __new__\n    return super().__new__(cls, name, *params, **kwargs)\n  File \"/Users/jake/Python/causal_prospective_merge/.conda/lib/python3.11/site-packages/pymc/distributions/distribution.py\", line 413, in __new__\n    rv_out = model.register_rv(\n  File \"/Users/jake/Python/causal_prospective_merge/.conda/lib/python3.11/site-packages/pymc/model/core.py\", line 1249, in register_rv\n    self.create_value_var(rv_var, transform)\n  File \"/Users/jake/Python/causal_prospective_merge/.conda/lib/python3.11/site-packages/pymc/model/core.py\", line 1401, in create_value_var\n    value_var = rv_var.type()\n",
     "output_type": "error",
     "traceback": [
      "\u001b[0;31m---------------------------------------------------------------------------\u001b[0m",
      "\u001b[0;31mDisconnectedInputError\u001b[0m                    Traceback (most recent call last)",
      "Cell \u001b[0;32mIn[15], line 4\u001b[0m\n\u001b[1;32m      2\u001b[0m \u001b[38;5;28;01mwith\u001b[39;00m pm\u001b[38;5;241m.\u001b[39mModel() \u001b[38;5;28;01mas\u001b[39;00m model:\n\u001b[1;32m      3\u001b[0m     bart \u001b[38;5;241m=\u001b[39m pmb\u001b[38;5;241m.\u001b[39mBART(\u001b[38;5;124m'\u001b[39m\u001b[38;5;124msample\u001b[39m\u001b[38;5;124m'\u001b[39m, X\u001b[38;5;241m=\u001b[39mX, Y\u001b[38;5;241m=\u001b[39my)\n\u001b[0;32m----> 4\u001b[0m     idata \u001b[38;5;241m=\u001b[39m \u001b[43mpm\u001b[49m\u001b[38;5;241;43m.\u001b[39;49m\u001b[43msample\u001b[49m\u001b[43m(\u001b[49m\u001b[43m)\u001b[49m\n",
      "File \u001b[0;32m~/Python/causal_prospective_merge/.conda/lib/python3.11/site-packages/pymc/sampling/mcmc.py:679\u001b[0m, in \u001b[0;36msample\u001b[0;34m(draws, tune, chains, cores, random_seed, progressbar, step, var_names, nuts_sampler, initvals, init, jitter_max_retries, n_init, trace, discard_tuned_samples, compute_convergence_checks, keep_warning_stat, return_inferencedata, idata_kwargs, nuts_sampler_kwargs, callback, mp_ctx, model, **kwargs)\u001b[0m\n\u001b[1;32m    676\u001b[0m         auto_nuts_init \u001b[38;5;241m=\u001b[39m \u001b[38;5;28;01mFalse\u001b[39;00m\n\u001b[1;32m    678\u001b[0m initial_points \u001b[38;5;241m=\u001b[39m \u001b[38;5;28;01mNone\u001b[39;00m\n\u001b[0;32m--> 679\u001b[0m step \u001b[38;5;241m=\u001b[39m \u001b[43massign_step_methods\u001b[49m\u001b[43m(\u001b[49m\u001b[43mmodel\u001b[49m\u001b[43m,\u001b[49m\u001b[43m \u001b[49m\u001b[43mstep\u001b[49m\u001b[43m,\u001b[49m\u001b[43m \u001b[49m\u001b[43mmethods\u001b[49m\u001b[38;5;241;43m=\u001b[39;49m\u001b[43mpm\u001b[49m\u001b[38;5;241;43m.\u001b[39;49m\u001b[43mSTEP_METHODS\u001b[49m\u001b[43m,\u001b[49m\u001b[43m \u001b[49m\u001b[43mstep_kwargs\u001b[49m\u001b[38;5;241;43m=\u001b[39;49m\u001b[43mkwargs\u001b[49m\u001b[43m)\u001b[49m\n\u001b[1;32m    681\u001b[0m \u001b[38;5;28;01mif\u001b[39;00m nuts_sampler \u001b[38;5;241m!=\u001b[39m \u001b[38;5;124m\"\u001b[39m\u001b[38;5;124mpymc\u001b[39m\u001b[38;5;124m\"\u001b[39m:\n\u001b[1;32m    682\u001b[0m     \u001b[38;5;28;01mif\u001b[39;00m \u001b[38;5;129;01mnot\u001b[39;00m \u001b[38;5;28misinstance\u001b[39m(step, NUTS):\n",
      "File \u001b[0;32m~/Python/causal_prospective_merge/.conda/lib/python3.11/site-packages/pymc/sampling/mcmc.py:218\u001b[0m, in \u001b[0;36massign_step_methods\u001b[0;34m(model, step, methods, step_kwargs)\u001b[0m\n\u001b[1;32m    216\u001b[0m \u001b[38;5;28;01mif\u001b[39;00m has_gradient:\n\u001b[1;32m    217\u001b[0m     \u001b[38;5;28;01mtry\u001b[39;00m:\n\u001b[0;32m--> 218\u001b[0m         \u001b[43mtg\u001b[49m\u001b[38;5;241;43m.\u001b[39;49m\u001b[43mgrad\u001b[49m\u001b[43m(\u001b[49m\u001b[43mmodel_logp\u001b[49m\u001b[43m,\u001b[49m\u001b[43m \u001b[49m\u001b[43mvar\u001b[49m\u001b[43m)\u001b[49m  \u001b[38;5;66;03m# type: ignore\u001b[39;00m\n\u001b[1;32m    219\u001b[0m     \u001b[38;5;28;01mexcept\u001b[39;00m (\u001b[38;5;167;01mNotImplementedError\u001b[39;00m, tg\u001b[38;5;241m.\u001b[39mNullTypeGradError):\n\u001b[1;32m    220\u001b[0m         has_gradient \u001b[38;5;241m=\u001b[39m \u001b[38;5;28;01mFalse\u001b[39;00m\n",
      "File \u001b[0;32m~/Python/causal_prospective_merge/.conda/lib/python3.11/site-packages/pytensor/gradient.py:592\u001b[0m, in \u001b[0;36mgrad\u001b[0;34m(cost, wrt, consider_constant, disconnected_inputs, add_names, known_grads, return_disconnected, null_gradients)\u001b[0m\n\u001b[1;32m    590\u001b[0m \u001b[38;5;28;01mfor\u001b[39;00m elem \u001b[38;5;129;01min\u001b[39;00m _wrt:\n\u001b[1;32m    591\u001b[0m     \u001b[38;5;28;01mif\u001b[39;00m elem \u001b[38;5;129;01mnot\u001b[39;00m \u001b[38;5;129;01min\u001b[39;00m var_to_app_to_idx \u001b[38;5;129;01mand\u001b[39;00m elem \u001b[38;5;129;01mis\u001b[39;00m \u001b[38;5;129;01mnot\u001b[39;00m cost \u001b[38;5;129;01mand\u001b[39;00m elem \u001b[38;5;129;01mnot\u001b[39;00m \u001b[38;5;129;01min\u001b[39;00m grad_dict:\n\u001b[0;32m--> 592\u001b[0m         \u001b[43mhandle_disconnected\u001b[49m\u001b[43m(\u001b[49m\u001b[43melem\u001b[49m\u001b[43m)\u001b[49m\n\u001b[1;32m    593\u001b[0m         grad_dict[elem] \u001b[38;5;241m=\u001b[39m disconnected_type()\n\u001b[1;32m    595\u001b[0m cost_name \u001b[38;5;241m=\u001b[39m \u001b[38;5;28;01mNone\u001b[39;00m\n",
      "File \u001b[0;32m~/Python/causal_prospective_merge/.conda/lib/python3.11/site-packages/pytensor/gradient.py:578\u001b[0m, in \u001b[0;36mgrad.<locals>.handle_disconnected\u001b[0;34m(var)\u001b[0m\n\u001b[1;32m    576\u001b[0m \u001b[38;5;28;01melif\u001b[39;00m disconnected_inputs \u001b[38;5;241m==\u001b[39m \u001b[38;5;124m\"\u001b[39m\u001b[38;5;124mraise\u001b[39m\u001b[38;5;124m\"\u001b[39m:\n\u001b[1;32m    577\u001b[0m     message \u001b[38;5;241m=\u001b[39m utils\u001b[38;5;241m.\u001b[39mget_variable_trace_string(var)\n\u001b[0;32m--> 578\u001b[0m     \u001b[38;5;28;01mraise\u001b[39;00m DisconnectedInputError(message)\n\u001b[1;32m    579\u001b[0m \u001b[38;5;28;01melse\u001b[39;00m:\n\u001b[1;32m    580\u001b[0m     \u001b[38;5;28;01mraise\u001b[39;00m \u001b[38;5;167;01mValueError\u001b[39;00m(\n\u001b[1;32m    581\u001b[0m         \u001b[38;5;124m\"\u001b[39m\u001b[38;5;124mInvalid value for keyword \u001b[39m\u001b[38;5;124m\"\u001b[39m\n\u001b[1;32m    582\u001b[0m         \u001b[38;5;124m\"\u001b[39m\u001b[38;5;124m'\u001b[39m\u001b[38;5;124mdisconnected_inputs\u001b[39m\u001b[38;5;124m'\u001b[39m\u001b[38;5;124m, valid values are \u001b[39m\u001b[38;5;124m\"\u001b[39m\n\u001b[1;32m    583\u001b[0m         \u001b[38;5;124m\"\u001b[39m\u001b[38;5;124m'\u001b[39m\u001b[38;5;124mignore\u001b[39m\u001b[38;5;124m'\u001b[39m\u001b[38;5;124m, \u001b[39m\u001b[38;5;124m'\u001b[39m\u001b[38;5;124mwarn\u001b[39m\u001b[38;5;124m'\u001b[39m\u001b[38;5;124m and \u001b[39m\u001b[38;5;124m'\u001b[39m\u001b[38;5;124mraise\u001b[39m\u001b[38;5;124m'\u001b[39m\u001b[38;5;124m.\u001b[39m\u001b[38;5;124m\"\u001b[39m\n\u001b[1;32m    584\u001b[0m     )\n",
      "\u001b[0;31mDisconnectedInputError\u001b[0m:  \nBacktrace when that variable is created:\n\n  File \"/Users/jake/Python/causal_prospective_merge/.conda/lib/python3.11/site-packages/IPython/core/interactiveshell.py\", line 3334, in run_cell_async\n    has_raised = await self.run_ast_nodes(code_ast.body, cell_name,\n  File \"/Users/jake/Python/causal_prospective_merge/.conda/lib/python3.11/site-packages/IPython/core/interactiveshell.py\", line 3517, in run_ast_nodes\n    if await self.run_code(code, result, async_=asy):\n  File \"/Users/jake/Python/causal_prospective_merge/.conda/lib/python3.11/site-packages/IPython/core/interactiveshell.py\", line 3577, in run_code\n    exec(code_obj, self.user_global_ns, self.user_ns)\n  File \"/var/folders/v1/x4lr48v53397r9xsq4q70mvw0000gn/T/ipykernel_14989/2101801662.py\", line 3, in <module>\n    bart = pmb.BART('sample', X=X, Y=y)\n  File \"/Users/jake/Python/causal_prospective_merge/.conda/lib/python3.11/site-packages/pymc_bart/bart.py\", line 173, in __new__\n    return super().__new__(cls, name, *params, **kwargs)\n  File \"/Users/jake/Python/causal_prospective_merge/.conda/lib/python3.11/site-packages/pymc/distributions/distribution.py\", line 413, in __new__\n    rv_out = model.register_rv(\n  File \"/Users/jake/Python/causal_prospective_merge/.conda/lib/python3.11/site-packages/pymc/model/core.py\", line 1249, in register_rv\n    self.create_value_var(rv_var, transform)\n  File \"/Users/jake/Python/causal_prospective_merge/.conda/lib/python3.11/site-packages/pymc/model/core.py\", line 1401, in create_value_var\n    value_var = rv_var.type()\n"
     ]
    }
   ],
   "source": [
    "X, y = np.array(X_host), np.array(Y_host)\n",
    "with pm.Model() as model:\n",
    "    bart = pmb.BART('sample', X=X, Y=y)\n",
    "    idata = pm.sample()"
   ]
  },
  {
   "cell_type": "code",
   "execution_count": 17,
   "metadata": {},
   "outputs": [],
   "source": [
    "coal = np.loadtxt(pm.get_data(\"coal.csv\"))"
   ]
  },
  {
   "cell_type": "code",
   "execution_count": 18,
   "metadata": {},
   "outputs": [],
   "source": [
    "# discretize data\n",
    "years = int(coal.max() - coal.min())\n",
    "bins = years // 4\n",
    "hist, x_edges = np.histogram(coal, bins=bins)\n",
    "# compute the location of the centers of the discretized data\n",
    "x_centers = x_edges[:-1] + (x_edges[1] - x_edges[0]) / 2\n",
    "# xdata needs to be 2D for BART\n",
    "x_data = x_centers[:, None]\n",
    "# express data as the rate number of disaster per year\n",
    "y_data = hist"
   ]
  },
  {
   "cell_type": "code",
   "execution_count": 20,
   "metadata": {},
   "outputs": [
    {
     "name": "stderr",
     "output_type": "stream",
     "text": [
      "Multiprocess sampling (4 chains in 4 jobs)\n",
      "PGBART: [μ_]\n"
     ]
    },
    {
     "data": {
      "text/html": [
       "\n",
       "<style>\n",
       "    /* Turns off some styling */\n",
       "    progress {\n",
       "        /* gets rid of default border in Firefox and Opera. */\n",
       "        border: none;\n",
       "        /* Needs to be in here for Safari polyfill so background images work as expected. */\n",
       "        background-size: auto;\n",
       "    }\n",
       "    progress:not([value]), progress:not([value])::-webkit-progress-bar {\n",
       "        background: repeating-linear-gradient(45deg, #7e7e7e, #7e7e7e 10px, #5c5c5c 10px, #5c5c5c 20px);\n",
       "    }\n",
       "    .progress-bar-interrupted, .progress-bar-interrupted::-webkit-progress-bar {\n",
       "        background: #F44336;\n",
       "    }\n",
       "</style>\n"
      ],
      "text/plain": [
       "<IPython.core.display.HTML object>"
      ]
     },
     "metadata": {},
     "output_type": "display_data"
    },
    {
     "data": {
      "text/html": [
       "\n",
       "    <div>\n",
       "      <progress value='8000' class='' max='8000' style='width:300px; height:20px; vertical-align: middle;'></progress>\n",
       "      100.00% [8000/8000 00:06&lt;00:00 Sampling 4 chains, 0 divergences]\n",
       "    </div>\n",
       "    "
      ],
      "text/plain": [
       "<IPython.core.display.HTML object>"
      ]
     },
     "metadata": {},
     "output_type": "display_data"
    },
    {
     "name": "stderr",
     "output_type": "stream",
     "text": [
      "Sampling 4 chains for 1_000 tune and 1_000 draw iterations (4_000 + 4_000 draws total) took 6 seconds.\n",
      "The rhat statistic is larger than 1.01 for some parameters. This indicates problems during sampling. See https://arxiv.org/abs/1903.08008 for details\n"
     ]
    }
   ],
   "source": [
    "with pm.Model() as model_coal:\n",
    "    μ_ = pmb.BART(\"μ_\", X=x_data, Y=np.log(y_data), m=20)\n",
    "    μ = pm.Deterministic(\"μ\", pm.math.exp(μ_))\n",
    "    y_pred = pm.Poisson(\"y_pred\", mu=μ, observed=y_data)\n",
    "    idata_coal = pm.sample(random_seed=10)"
   ]
  },
  {
   "cell_type": "code",
   "execution_count": 22,
   "metadata": {},
   "outputs": [
    {
     "data": {
      "text/html": [
       "<div><svg style=\"position: absolute; width: 0; height: 0; overflow: hidden\">\n",
       "<defs>\n",
       "<symbol id=\"icon-database\" viewBox=\"0 0 32 32\">\n",
       "<path d=\"M16 0c-8.837 0-16 2.239-16 5v4c0 2.761 7.163 5 16 5s16-2.239 16-5v-4c0-2.761-7.163-5-16-5z\"></path>\n",
       "<path d=\"M16 17c-8.837 0-16-2.239-16-5v6c0 2.761 7.163 5 16 5s16-2.239 16-5v-6c0 2.761-7.163 5-16 5z\"></path>\n",
       "<path d=\"M16 26c-8.837 0-16-2.239-16-5v6c0 2.761 7.163 5 16 5s16-2.239 16-5v-6c0 2.761-7.163 5-16 5z\"></path>\n",
       "</symbol>\n",
       "<symbol id=\"icon-file-text2\" viewBox=\"0 0 32 32\">\n",
       "<path d=\"M28.681 7.159c-0.694-0.947-1.662-2.053-2.724-3.116s-2.169-2.030-3.116-2.724c-1.612-1.182-2.393-1.319-2.841-1.319h-15.5c-1.378 0-2.5 1.121-2.5 2.5v27c0 1.378 1.122 2.5 2.5 2.5h23c1.378 0 2.5-1.122 2.5-2.5v-19.5c0-0.448-0.137-1.23-1.319-2.841zM24.543 5.457c0.959 0.959 1.712 1.825 2.268 2.543h-4.811v-4.811c0.718 0.556 1.584 1.309 2.543 2.268zM28 29.5c0 0.271-0.229 0.5-0.5 0.5h-23c-0.271 0-0.5-0.229-0.5-0.5v-27c0-0.271 0.229-0.5 0.5-0.5 0 0 15.499-0 15.5 0v7c0 0.552 0.448 1 1 1h7v19.5z\"></path>\n",
       "<path d=\"M23 26h-14c-0.552 0-1-0.448-1-1s0.448-1 1-1h14c0.552 0 1 0.448 1 1s-0.448 1-1 1z\"></path>\n",
       "<path d=\"M23 22h-14c-0.552 0-1-0.448-1-1s0.448-1 1-1h14c0.552 0 1 0.448 1 1s-0.448 1-1 1z\"></path>\n",
       "<path d=\"M23 18h-14c-0.552 0-1-0.448-1-1s0.448-1 1-1h14c0.552 0 1 0.448 1 1s-0.448 1-1 1z\"></path>\n",
       "</symbol>\n",
       "</defs>\n",
       "</svg>\n",
       "<style>/* CSS stylesheet for displaying xarray objects in jupyterlab.\n",
       " *\n",
       " */\n",
       "\n",
       ":root {\n",
       "  --xr-font-color0: var(--jp-content-font-color0, rgba(0, 0, 0, 1));\n",
       "  --xr-font-color2: var(--jp-content-font-color2, rgba(0, 0, 0, 0.54));\n",
       "  --xr-font-color3: var(--jp-content-font-color3, rgba(0, 0, 0, 0.38));\n",
       "  --xr-border-color: var(--jp-border-color2, #e0e0e0);\n",
       "  --xr-disabled-color: var(--jp-layout-color3, #bdbdbd);\n",
       "  --xr-background-color: var(--jp-layout-color0, white);\n",
       "  --xr-background-color-row-even: var(--jp-layout-color1, white);\n",
       "  --xr-background-color-row-odd: var(--jp-layout-color2, #eeeeee);\n",
       "}\n",
       "\n",
       "html[theme=dark],\n",
       "body[data-theme=dark],\n",
       "body.vscode-dark {\n",
       "  --xr-font-color0: rgba(255, 255, 255, 1);\n",
       "  --xr-font-color2: rgba(255, 255, 255, 0.54);\n",
       "  --xr-font-color3: rgba(255, 255, 255, 0.38);\n",
       "  --xr-border-color: #1F1F1F;\n",
       "  --xr-disabled-color: #515151;\n",
       "  --xr-background-color: #111111;\n",
       "  --xr-background-color-row-even: #111111;\n",
       "  --xr-background-color-row-odd: #313131;\n",
       "}\n",
       "\n",
       ".xr-wrap {\n",
       "  display: block !important;\n",
       "  min-width: 300px;\n",
       "  max-width: 700px;\n",
       "}\n",
       "\n",
       ".xr-text-repr-fallback {\n",
       "  /* fallback to plain text repr when CSS is not injected (untrusted notebook) */\n",
       "  display: none;\n",
       "}\n",
       "\n",
       ".xr-header {\n",
       "  padding-top: 6px;\n",
       "  padding-bottom: 6px;\n",
       "  margin-bottom: 4px;\n",
       "  border-bottom: solid 1px var(--xr-border-color);\n",
       "}\n",
       "\n",
       ".xr-header > div,\n",
       ".xr-header > ul {\n",
       "  display: inline;\n",
       "  margin-top: 0;\n",
       "  margin-bottom: 0;\n",
       "}\n",
       "\n",
       ".xr-obj-type,\n",
       ".xr-array-name {\n",
       "  margin-left: 2px;\n",
       "  margin-right: 10px;\n",
       "}\n",
       "\n",
       ".xr-obj-type {\n",
       "  color: var(--xr-font-color2);\n",
       "}\n",
       "\n",
       ".xr-sections {\n",
       "  padding-left: 0 !important;\n",
       "  display: grid;\n",
       "  grid-template-columns: 150px auto auto 1fr 20px 20px;\n",
       "}\n",
       "\n",
       ".xr-section-item {\n",
       "  display: contents;\n",
       "}\n",
       "\n",
       ".xr-section-item input {\n",
       "  display: none;\n",
       "}\n",
       "\n",
       ".xr-section-item input + label {\n",
       "  color: var(--xr-disabled-color);\n",
       "}\n",
       "\n",
       ".xr-section-item input:enabled + label {\n",
       "  cursor: pointer;\n",
       "  color: var(--xr-font-color2);\n",
       "}\n",
       "\n",
       ".xr-section-item input:enabled + label:hover {\n",
       "  color: var(--xr-font-color0);\n",
       "}\n",
       "\n",
       ".xr-section-summary {\n",
       "  grid-column: 1;\n",
       "  color: var(--xr-font-color2);\n",
       "  font-weight: 500;\n",
       "}\n",
       "\n",
       ".xr-section-summary > span {\n",
       "  display: inline-block;\n",
       "  padding-left: 0.5em;\n",
       "}\n",
       "\n",
       ".xr-section-summary-in:disabled + label {\n",
       "  color: var(--xr-font-color2);\n",
       "}\n",
       "\n",
       ".xr-section-summary-in + label:before {\n",
       "  display: inline-block;\n",
       "  content: '►';\n",
       "  font-size: 11px;\n",
       "  width: 15px;\n",
       "  text-align: center;\n",
       "}\n",
       "\n",
       ".xr-section-summary-in:disabled + label:before {\n",
       "  color: var(--xr-disabled-color);\n",
       "}\n",
       "\n",
       ".xr-section-summary-in:checked + label:before {\n",
       "  content: '▼';\n",
       "}\n",
       "\n",
       ".xr-section-summary-in:checked + label > span {\n",
       "  display: none;\n",
       "}\n",
       "\n",
       ".xr-section-summary,\n",
       ".xr-section-inline-details {\n",
       "  padding-top: 4px;\n",
       "  padding-bottom: 4px;\n",
       "}\n",
       "\n",
       ".xr-section-inline-details {\n",
       "  grid-column: 2 / -1;\n",
       "}\n",
       "\n",
       ".xr-section-details {\n",
       "  display: none;\n",
       "  grid-column: 1 / -1;\n",
       "  margin-bottom: 5px;\n",
       "}\n",
       "\n",
       ".xr-section-summary-in:checked ~ .xr-section-details {\n",
       "  display: contents;\n",
       "}\n",
       "\n",
       ".xr-array-wrap {\n",
       "  grid-column: 1 / -1;\n",
       "  display: grid;\n",
       "  grid-template-columns: 20px auto;\n",
       "}\n",
       "\n",
       ".xr-array-wrap > label {\n",
       "  grid-column: 1;\n",
       "  vertical-align: top;\n",
       "}\n",
       "\n",
       ".xr-preview {\n",
       "  color: var(--xr-font-color3);\n",
       "}\n",
       "\n",
       ".xr-array-preview,\n",
       ".xr-array-data {\n",
       "  padding: 0 5px !important;\n",
       "  grid-column: 2;\n",
       "}\n",
       "\n",
       ".xr-array-data,\n",
       ".xr-array-in:checked ~ .xr-array-preview {\n",
       "  display: none;\n",
       "}\n",
       "\n",
       ".xr-array-in:checked ~ .xr-array-data,\n",
       ".xr-array-preview {\n",
       "  display: inline-block;\n",
       "}\n",
       "\n",
       ".xr-dim-list {\n",
       "  display: inline-block !important;\n",
       "  list-style: none;\n",
       "  padding: 0 !important;\n",
       "  margin: 0;\n",
       "}\n",
       "\n",
       ".xr-dim-list li {\n",
       "  display: inline-block;\n",
       "  padding: 0;\n",
       "  margin: 0;\n",
       "}\n",
       "\n",
       ".xr-dim-list:before {\n",
       "  content: '(';\n",
       "}\n",
       "\n",
       ".xr-dim-list:after {\n",
       "  content: ')';\n",
       "}\n",
       "\n",
       ".xr-dim-list li:not(:last-child):after {\n",
       "  content: ',';\n",
       "  padding-right: 5px;\n",
       "}\n",
       "\n",
       ".xr-has-index {\n",
       "  font-weight: bold;\n",
       "}\n",
       "\n",
       ".xr-var-list,\n",
       ".xr-var-item {\n",
       "  display: contents;\n",
       "}\n",
       "\n",
       ".xr-var-item > div,\n",
       ".xr-var-item label,\n",
       ".xr-var-item > .xr-var-name span {\n",
       "  background-color: var(--xr-background-color-row-even);\n",
       "  margin-bottom: 0;\n",
       "}\n",
       "\n",
       ".xr-var-item > .xr-var-name:hover span {\n",
       "  padding-right: 5px;\n",
       "}\n",
       "\n",
       ".xr-var-list > li:nth-child(odd) > div,\n",
       ".xr-var-list > li:nth-child(odd) > label,\n",
       ".xr-var-list > li:nth-child(odd) > .xr-var-name span {\n",
       "  background-color: var(--xr-background-color-row-odd);\n",
       "}\n",
       "\n",
       ".xr-var-name {\n",
       "  grid-column: 1;\n",
       "}\n",
       "\n",
       ".xr-var-dims {\n",
       "  grid-column: 2;\n",
       "}\n",
       "\n",
       ".xr-var-dtype {\n",
       "  grid-column: 3;\n",
       "  text-align: right;\n",
       "  color: var(--xr-font-color2);\n",
       "}\n",
       "\n",
       ".xr-var-preview {\n",
       "  grid-column: 4;\n",
       "}\n",
       "\n",
       ".xr-index-preview {\n",
       "  grid-column: 2 / 5;\n",
       "  color: var(--xr-font-color2);\n",
       "}\n",
       "\n",
       ".xr-var-name,\n",
       ".xr-var-dims,\n",
       ".xr-var-dtype,\n",
       ".xr-preview,\n",
       ".xr-attrs dt {\n",
       "  white-space: nowrap;\n",
       "  overflow: hidden;\n",
       "  text-overflow: ellipsis;\n",
       "  padding-right: 10px;\n",
       "}\n",
       "\n",
       ".xr-var-name:hover,\n",
       ".xr-var-dims:hover,\n",
       ".xr-var-dtype:hover,\n",
       ".xr-attrs dt:hover {\n",
       "  overflow: visible;\n",
       "  width: auto;\n",
       "  z-index: 1;\n",
       "}\n",
       "\n",
       ".xr-var-attrs,\n",
       ".xr-var-data,\n",
       ".xr-index-data {\n",
       "  display: none;\n",
       "  background-color: var(--xr-background-color) !important;\n",
       "  padding-bottom: 5px !important;\n",
       "}\n",
       "\n",
       ".xr-var-attrs-in:checked ~ .xr-var-attrs,\n",
       ".xr-var-data-in:checked ~ .xr-var-data,\n",
       ".xr-index-data-in:checked ~ .xr-index-data {\n",
       "  display: block;\n",
       "}\n",
       "\n",
       ".xr-var-data > table {\n",
       "  float: right;\n",
       "}\n",
       "\n",
       ".xr-var-name span,\n",
       ".xr-var-data,\n",
       ".xr-index-name div,\n",
       ".xr-index-data,\n",
       ".xr-attrs {\n",
       "  padding-left: 25px !important;\n",
       "}\n",
       "\n",
       ".xr-attrs,\n",
       ".xr-var-attrs,\n",
       ".xr-var-data,\n",
       ".xr-index-data {\n",
       "  grid-column: 1 / -1;\n",
       "}\n",
       "\n",
       "dl.xr-attrs {\n",
       "  padding: 0;\n",
       "  margin: 0;\n",
       "  display: grid;\n",
       "  grid-template-columns: 125px auto;\n",
       "}\n",
       "\n",
       ".xr-attrs dt,\n",
       ".xr-attrs dd {\n",
       "  padding: 0;\n",
       "  margin: 0;\n",
       "  float: left;\n",
       "  padding-right: 10px;\n",
       "  width: auto;\n",
       "}\n",
       "\n",
       ".xr-attrs dt {\n",
       "  font-weight: normal;\n",
       "  grid-column: 1;\n",
       "}\n",
       "\n",
       ".xr-attrs dt:hover span {\n",
       "  display: inline-block;\n",
       "  background: var(--xr-background-color);\n",
       "  padding-right: 10px;\n",
       "}\n",
       "\n",
       ".xr-attrs dd {\n",
       "  grid-column: 2;\n",
       "  white-space: pre-wrap;\n",
       "  word-break: break-all;\n",
       "}\n",
       "\n",
       ".xr-icon-database,\n",
       ".xr-icon-file-text2,\n",
       ".xr-no-icon {\n",
       "  display: inline-block;\n",
       "  vertical-align: middle;\n",
       "  width: 1em;\n",
       "  height: 1.5em !important;\n",
       "  stroke-width: 0;\n",
       "  stroke: currentColor;\n",
       "  fill: currentColor;\n",
       "}\n",
       "</style><pre class='xr-text-repr-fallback'>&lt;xarray.Dataset&gt; Size: 40kB\n",
       "Dimensions:                   (chain: 4, draw: 1000, variable_inclusion_dim_0: 1)\n",
