{
 "cells": [
  {
   "cell_type": "code",
   "execution_count": 9,
   "metadata": {},
   "outputs": [],
   "source": [
    "import torch\n",
    "torch.set_default_tensor_type(torch.FloatTensor) \n",
    "import copy\n",
    "\n",
    "from rct_data_generator import *\n",
    "from outcome_models import *\n",
    "from plotting_functions import *\n",
    "from mcmc_bayes_update import *\n",
    "from eig_comp_utils import *\n",
    "from research_exp_utils import *\n",
    "from rct_data_generator import generate_host_and_mirror\n"
   ]
  },
  {
   "cell_type": "code",
   "execution_count": 15,
   "metadata": {},
   "outputs": [],
   "source": [
    "n_host_sample = 100 \n",
    "sigma_error = 1 \n",
    "d = 10 \n",
    "A = torch.randn((d,d))\n",
    "A = 1/(torch.det(A)) * A\n",
    "\n",
    "T_allocation_host = torch.randn(d)\n",
    "T_allocation_host = 100/torch.norm(T_allocation_host)*T_allocation_host\n",
    "\n",
    "mu_nc = torch.randn(d)\n",
    "mu_nc = 1/torch.norm(mu_nc)*mu_nc\n",
    "\n",
    "mu_c = torch.randn(d)\n",
    "mu_c = 1/torch.norm(mu_c)*mu_c\n",
    "\n",
    "mu = torch.concat([mu_nc,mu_c])"
   ]
  },
  {
   "cell_type": "code",
   "execution_count": 16,
   "metadata": {},
   "outputs": [],
   "source": [
    "\n",
    "\n",
    "X_host = (torch.randn((n_host_sample,d)) @ A ) \n",
    "T_host = torch.bernoulli(torch.sigmoid(X_host@ T_allocation_host))\n",
    "X_host_times_T = (T_host.unsqueeze(dim=0).T * X_host)\n",
    "X_host = torch.concat([X_host,X_host_times_T],dim=1)\n",
    "\n",
    "Y_host = X_host @ mu\n",
    "Y_host = (1/Y_host.norm()) * Y_host + sigma_error * torch.randn_like(Y_host)\n"
   ]
  },
  {
   "cell_type": "code",
   "execution_count": 17,
   "metadata": {},
   "outputs": [],
   "source": [
    "prior_mean = torch.zeros(2 * d)\n",
    "beta_0, sigma_0_sq,inv_cov_0 = prior_mean, sigma_error,torch.eye(2*d)\n",
    "prior_hyperparameters = {'beta_0': beta_0, 'sigma_0_sq': sigma_0_sq,\"inv_cov_0\":inv_cov_0}\n",
    "bayesian_regression = BayesianLinearRegression(prior_hyperparameters)\n",
    "bayesian_regression.set_causal_index(10)"
   ]
  },
  {
   "cell_type": "code",
   "execution_count": 18,
   "metadata": {},
   "outputs": [
    {
     "data": {
      "text/plain": [
       "{'posterior_mean': tensor([-1.1898e-03,  1.2456e-02,  1.8201e-02,  1.9689e-02, -5.6107e-03,\n",
       "         -8.3676e-03, -7.1791e-03, -6.8800e-03, -1.5144e-02, -2.9510e-03,\n",
       "          2.7700e-03,  5.8197e-03,  1.5529e-02,  9.8763e-03,  3.0067e-03,\n",
       "         -6.8083e-03, -4.2633e-03,  5.1620e-05, -9.7203e-03,  4.2627e-03]),\n",
       " 'posterior_cov_matrix': tensor([[ 9.9984e-01, -1.5437e-05,  1.9514e-05, -1.4198e-05,  3.4872e-05,\n",
       "           6.8778e-06,  5.5239e-05, -2.0194e-05, -4.3888e-05,  1.8506e-05,\n",
       "          -5.0210e-05, -7.4796e-06,  3.9109e-06, -1.7166e-05,  1.1786e-05,\n",
       "           3.8964e-07,  2.9746e-05, -1.1926e-05, -1.7158e-05,  1.1564e-05],\n",
       "         [-1.5437e-05,  9.9995e-01, -4.2014e-05, -2.4395e-05,  4.8470e-06,\n",
       "           1.6644e-05,  3.2878e-05,  2.8497e-05,  1.7093e-05, -2.8572e-06,\n",
       "          -7.4791e-06, -2.4057e-05, -2.4320e-05, -7.4754e-06,  2.5858e-06,\n",
       "           9.8858e-06,  1.5040e-05,  1.7153e-05,  1.0240e-05, -3.0801e-06],\n",
       "         [ 1.9514e-05, -4.2014e-05,  9.9984e-01, -6.4041e-06, -6.3512e-05,\n",
       "           6.9176e-05,  4.9639e-05,  3.3393e-05,  7.1279e-05, -4.0740e-05,\n",
       "           3.9133e-06, -2.4320e-05, -8.2068e-05,  1.1231e-05, -2.6846e-05,\n",
       "           3.4796e-05,  1.7171e-05,  2.7796e-05,  4.7430e-05, -2.6925e-05],\n",
       "         [-1.4198e-05, -2.4395e-05, -6.4041e-06,  9.9979e-01,  3.1289e-05,\n",
       "           2.6392e-05,  1.0941e-05, -4.9045e-05,  2.1762e-05,  1.5922e-05,\n",
       "          -1.7167e-05, -7.4753e-06,  1.1233e-05, -1.0875e-04,  2.5200e-05,\n",
       "           9.0402e-06,  4.7598e-06, -3.6954e-05,  1.6903e-06,  9.4768e-06],\n",
       "         [ 3.4872e-05,  4.8470e-06, -6.3512e-05,  3.1289e-05,  9.9989e-01,\n",
       "           1.5570e-05,  1.9725e-05,  8.6781e-06,  2.6473e-05, -1.5633e-05,\n",
       "           1.1787e-05,  2.5865e-06, -2.6845e-05,  2.5200e-05, -5.4001e-05,\n",
       "           4.8615e-06,  7.6150e-06,  1.2019e-05,  1.1659e-05, -1.2085e-05],\n",
       "         [ 6.8778e-06,  1.6644e-05,  6.9176e-05,  2.6392e-05,  1.5570e-05,\n",
       "           9.9996e-01, -1.3813e-05, -5.6047e-06, -3.9835e-05,  1.7395e-05,\n",
       "           3.8770e-07,  9.8855e-06,  3.4796e-05,  9.0408e-06,  4.8622e-06,\n",
       "          -2.1499e-05,  1.8937e-07, -7.1762e-06, -2.7937e-05,  1.3378e-05],\n",
       "         [ 5.5239e-05,  3.2878e-05,  4.9639e-05,  1.0941e-05,  1.9725e-05,\n",
       "          -1.3813e-05,  9.9990e-01, -3.0041e-06,  2.7154e-05, -1.2246e-05,\n",
       "           2.9748e-05,  1.5040e-05,  1.7169e-05,  4.7598e-06,  7.6143e-06,\n",
       "           1.8938e-07, -5.2509e-05, -2.3211e-06,  2.0128e-05, -1.0165e-05],\n",
       "         [-2.0194e-05,  2.8497e-05,  3.3393e-05, -4.9045e-05,  8.6781e-06,\n",
       "          -5.6047e-06, -3.0041e-06,  9.9994e-01, -1.9671e-05,  1.5165e-05,\n",
       "          -1.1927e-05,  1.7153e-05,  2.7797e-05, -3.6955e-05,  1.2020e-05,\n",
       "          -7.1766e-06, -2.3222e-06, -3.8322e-05, -1.4741e-05,  1.1201e-05],\n",
       "         [-4.3888e-05,  1.7093e-05,  7.1279e-05,  2.1762e-05,  2.6473e-05,\n",
       "          -3.9835e-05,  2.7154e-05, -1.9671e-05,  9.9989e-01,  6.0165e-07,\n",
       "          -1.7161e-05,  1.0240e-05,  4.7433e-05,  1.6918e-06,  1.1661e-05,\n",
       "          -2.7937e-05,  2.0126e-05, -1.4741e-05, -6.9835e-05,  9.1536e-06],\n",
       "         [ 1.8506e-05, -2.8572e-06, -4.0740e-05,  1.5922e-05, -1.5633e-05,\n",
       "           1.7395e-05, -1.2246e-05,  1.5165e-05,  6.0165e-07,  9.9994e-01,\n",
       "           1.1566e-05, -3.0802e-06, -2.6926e-05,  9.4758e-06, -1.2086e-05,\n",
       "           1.3378e-05, -1.0165e-05,  1.1200e-05,  9.1543e-06, -3.2038e-05],\n",
       "         [-5.0210e-05, -7.4791e-06,  3.9133e-06, -1.7167e-05,  1.1787e-05,\n",
       "           3.8770e-07,  2.9748e-05, -1.1927e-05, -1.7161e-05,  1.1566e-05,\n",
       "           9.9995e-01, -7.4802e-06,  3.9140e-06, -1.7169e-05,  1.1789e-05,\n",
       "           3.8831e-07,  2.9750e-05, -1.1928e-05, -1.7163e-05,  1.1567e-05],\n",
       "         [-7.4796e-06, -2.4057e-05, -2.4320e-05, -7.4753e-06,  2.5865e-06,\n",
       "           9.8855e-06,  1.5040e-05,  1.7153e-05,  1.0240e-05, -3.0802e-06,\n",
       "          -7.4802e-06,  9.9998e-01, -2.4323e-05, -7.4771e-06,  2.5856e-06,\n",
       "           9.8872e-06,  1.5042e-05,  1.7154e-05,  1.0241e-05, -3.0805e-06],\n",
       "         [ 3.9109e-06, -2.4320e-05, -8.2068e-05,  1.1233e-05, -2.6845e-05,\n",
       "           3.4796e-05,  1.7169e-05,  2.7797e-05,  4.7433e-05, -2.6926e-05,\n",
       "           3.9140e-06, -2.4323e-05,  9.9992e-01,  1.1231e-05, -2.6851e-05,\n",
       "           3.4801e-05,  1.7173e-05,  2.7799e-05,  4.7437e-05, -2.6928e-05],\n",
       "         [-1.7166e-05, -7.4754e-06,  1.1231e-05, -1.0875e-04,  2.5200e-05,\n",
       "           9.0408e-06,  4.7598e-06, -3.6955e-05,  1.6918e-06,  9.4758e-06,\n",
       "          -1.7169e-05, -7.4771e-06,  1.1231e-05,  9.9989e-01,  2.5203e-05,\n",
       "           9.0425e-06,  4.7606e-06, -3.6957e-05,  1.6929e-06,  9.4773e-06],\n",
       "         [ 1.1786e-05,  2.5858e-06, -2.6846e-05,  2.5200e-05, -5.4001e-05,\n",
       "           4.8622e-06,  7.6143e-06,  1.2020e-05,  1.1661e-05, -1.2086e-05,\n",
       "           1.1789e-05,  2.5856e-06, -2.6851e-05,  2.5203e-05,  9.9995e-01,\n",
       "           4.8636e-06,  7.6156e-06,  1.2021e-05,  1.1662e-05, -1.2087e-05],\n",
       "         [ 3.8964e-07,  9.8858e-06,  3.4796e-05,  9.0402e-06,  4.8615e-06,\n",
       "          -2.1499e-05,  1.8938e-07, -7.1766e-06, -2.7937e-05,  1.3378e-05,\n",
       "           3.8831e-07,  9.8872e-06,  3.4801e-05,  9.0425e-06,  4.8636e-06,\n",
       "           9.9998e-01,  1.8788e-07, -7.1770e-06, -2.7940e-05,  1.3379e-05],\n",
       "         [ 2.9746e-05,  1.5040e-05,  1.7171e-05,  4.7598e-06,  7.6150e-06,\n",
       "           1.8937e-07, -5.2509e-05, -2.3222e-06,  2.0126e-05, -1.0165e-05,\n",
       "           2.9750e-05,  1.5042e-05,  1.7173e-05,  4.7606e-06,  7.6156e-06,\n",
       "           1.8788e-07,  9.9995e-01, -2.3220e-06,  2.0127e-05, -1.0165e-05],\n",
       "         [-1.1926e-05,  1.7153e-05,  2.7796e-05, -3.6954e-05,  1.2019e-05,\n",
       "          -7.1762e-06, -2.3211e-06, -3.8322e-05, -1.4741e-05,  1.1200e-05,\n",
       "          -1.1928e-05,  1.7154e-05,  2.7799e-05, -3.6957e-05,  1.2021e-05,\n",
       "          -7.1770e-06, -2.3220e-06,  9.9996e-01, -1.4742e-05,  1.1202e-05],\n",
       "         [-1.7158e-05,  1.0240e-05,  4.7430e-05,  1.6903e-06,  1.1659e-05,\n",
       "          -2.7937e-05,  2.0128e-05, -1.4741e-05, -6.9835e-05,  9.1543e-06,\n",
       "          -1.7163e-05,  1.0241e-05,  4.7437e-05,  1.6929e-06,  1.1662e-05,\n",
       "          -2.7940e-05,  2.0127e-05, -1.4742e-05,  9.9993e-01,  9.1549e-06],\n",
       "         [ 1.1564e-05, -3.0801e-06, -2.6925e-05,  9.4768e-06, -1.2085e-05,\n",
       "           1.3378e-05, -1.0165e-05,  1.1201e-05,  9.1536e-06, -3.2038e-05,\n",
       "           1.1567e-05, -3.0805e-06, -2.6928e-05,  9.4773e-06, -1.2087e-05,\n",
       "           1.3379e-05, -1.0165e-05,  1.1202e-05,  9.1549e-06,  9.9997e-01]])}"
      ]
     },
     "execution_count": 18,
     "metadata": {},
     "output_type": "execute_result"
    }
   ],
   "source": [
    "bayesian_regression.fit(X_host,Y_host)"
   ]
  },
  {
   "cell_type": "code",
   "execution_count": 19,
   "metadata": {},
   "outputs": [
    {
     "data": {
      "text/plain": [
       "(0.0007901837674741958, 0.00026653940438354856)"
      ]
     },
     "execution_count": 19,
     "metadata": {},
     "output_type": "execute_result"
    }
   ],
   "source": [
    "bayesian_regression.closed_form_obs_EIG(X_host),bayesian_regression.closed_form_causal_EIG(X_host)"
   ]
  }
 ],
 "metadata": {
  "kernelspec": {
   "display_name": "Python 3",
   "language": "python",
   "name": "python3"
  },
  "language_info": {
   "codemirror_mode": {
    "name": "ipython",
    "version": 3
   },
   "file_extension": ".py",
   "mimetype": "text/x-python",
   "name": "python",
   "nbconvert_exporter": "python",
   "pygments_lexer": "ipython3",
   "version": "3.11.8"
  }
 },
 "nbformat": 4,
 "nbformat_minor": 2
}
